rollno,ART04,INDOOR02,OUTDOOR03,PROJECT05,STAGE01,max_marks
8001,46,40,25,40,39,50
8002,34,30,35,35,47,50
8003,33,35,45,39,38,50
8004,44,33,49,42,46,50
8005,29,40,43,22,39,50
8006,26,35,30,20,29,50
8007,20,37,50,26,27,50
8008,19,46,25,42,48,50
8009,42,46,35,39,44,50
8010,46,39,44,50,49,50
8011,35,48,39,41,39,50
8012,28,30,50,48,47,50
8013,32,35,27,36,28,50
8014,49,28,34,25,36,50
8015,41,31,43,44,44,50
8016,38,41,28,41,39,50
8017,34,29,27,39,27,50
8018,27,22,45,35,48,50
8019,44,39,35,38,46,50
8020,20,30,43,47,46,50
