rollno,ART04,INDOOR02,OUTDOOR03,PROJECT05,STAGE01,max_marks
7001,46,40,25,40,39,50
7002,34,30,35,35,47,50
7003,33,35,45,39,38,50
7004,44,33,49,42,46,50
7005,29,40,43,22,39,50
7006,26,35,30,20,29,50
7007,20,37,50,26,27,50
7008,19,46,25,42,48,50
7009,42,46,35,39,44,50
7010,46,39,44,50,49,50
7011,35,48,39,41,39,50
7012,28,30,50,48,47,50
7013,32,35,27,36,28,50
7014,49,28,34,25,36,50
7015,41,31,43,44,44,50
7016,38,41,28,41,39,50
7017,34,29,27,39,27,50
7018,27,22,45,35,48,50
7019,44,39,35,38,46,50
7020,20,30,43,47,46,50
